"Y"	"Z"	"x1"	"x2"	"x3"	"x4"	"tau"
"1"	2.24301884775819	0	0.763577926596726	0.94154634710435	-0.502918137685514	-1.43747857607677	4.4687022002978
"2"	0.399724058597377	0	-0.588427820646807	0.797677443068252	-0.328356688521512	-0.714009600211347	1.62082180177464
"3"	3.58657790190898	0	0.488170099154544	0.133532140040707	0.549331714154299	-0.70988436702567	3.10987233834979
"4"	0.992909248757268	0	1.37962526403385	0.178619324661234	-0.232648794132064	-0.346799827606177	4.93786985272894
"5"	3.00771145940742	1	0.172271893239941	0.283602330914764	-0.031724341464781	-2.21008097284502	2.62814611739465
"6"	2.55472119750923	0	-0.297800238815627	0.267895368917046	0.46776121403483	-1.64959431995916	1.67229489128579
"7"	0.509358247219062	0	-0.015278406349039	-1.57371763885389	0.648020713207162	0.912281378514633	0.395725548448034
"8"	-7.11780178734046	1	-0.699149925264687	-1.87557554361223	-1.07229638947104	0.933857759319198	-1.2738753941416
"9"	4.12154377004399	0	-0.16136637774947	0.247998749440714	0.105173565958846	0.424679759975781	1.92526599394177
"10"	-4.24585112978875	1	-1.06411298292267	0.100732467762132	-1.20631095235455	-1.96277287694771	-0.0274934980832052
"11"	0.243934423661052	0	-1.65219995218977	0.972180460266782	-0.874982172533452	0.0165982102978385	-0.332219444112766
"12"	-5.81752474410804	1	-1.13385726648308	0.101128973366852	-1.78634194107255	-1.29861117408116	-0.166585559599311
"13"	-7.46840989372736	1	-0.45033001922724	-0.876531405990893	-1.20321177065923	1.6478341645075	0.222808555554627
"14"	-0.0103414403514368	0	-0.940963356730066	-0.323502323265825	0.238612354841031	-0.586995351478701	-0.205429036725957
"15"	1.90057064162858	0	0.557928675085643	-0.0456364622863309	0.268403237058204	0.187158393029249	3.07022088788496
"16"	16.004371806934	1	1.92778886334515	1.4669456631608	0.293867306203541	-0.0515689296456204	7.32252338985109
"17"	-4.71093368050451	0	0.410363943742741	-2.99282340288787	0.13441721953341	0.98090179499044	-0.172095515402385
"18"	-8.58966562787593	0	-0.266603030837578	-0.805397725877069	-1.97820928984921	-0.98037273879187	0.661396212447775
"19"	15.1084217407607	1	1.92735356755496	0.806479966447293	1.08431638926745	-0.687727979754142	6.66118710155722
"20"	7.13566852512372	1	-0.778883509649138	0.480476686895777	0.755552143345604	0.047184817002651	0.922709667597501
"21"	-3.28383054103447	1	-0.532300616029958	0.875129037883483	-1.89792752530753	-1.63649412635566	1.81052780582357
"22"	-0.917617053318764	1	-1.67216037168314	-0.306467461780014	0.0987152409783695	-0.0716218360796001	-1.6507882051463
"23"	2.21958601893136	0	0.21054684428112	0.308561696155353	0.0543073998519085	0.509840458614184	2.72965538471759
"24"	-0.623267767152777	0	-1.14260453865217	0.400571245960676	-0.119873865638376	0.673676843911075	0.115362168656336
"25"	-6.33829160807313	0	0.578212684422094	1.70722283649098	-2.00044018137544	0.50895293032423	4.86364820533517
"26"	-1.73279555299691	0	0.100297303122552	-0.777886817915537	-0.24404674802239	-0.118006539810517	1.42270778832957
"27"	-5.05701158105613	0	-0.612903687975618	-0.403429409465159	-0.969721289910376	0.728350853270949	0.370763214583606
"28"	-4.5271108782656	1	-0.938370320954363	0.756080739290111	-1.53881717937397	0.168992346421664	0.879340097381386
"29"	2.54716482916917	0	0.632234246513125	1.0151340068694	-0.468974179103701	-1.07232691639905	4.27960249989565
"30"	4.71973176451599	1	-0.0920622380734526	-0.22049402517416	0.594221108838487	-0.733930983746343	1.59538149867893
"31"	-2.78950472887156	0	-0.0670013643129831	-1.35284013464225	0.0383477307225512	-0.941974474005307	0.513157136731784
"32"	1.91522111818949	1	0.29817687922128	0.851522403299757	-1.18956571213446	-1.84264605841479	3.44787616174232
"33"	-0.365001260332994	1	0.865355448175503	-0.494513858758061	-1.27365464226916	-0.163165105665012	3.23619703759295
"34"	5.66087405235403	0	-0.60509849954883	-0.108925119330847	1.3647505235463	0.715465897034354	0.680877881571493
"35"	1.28625862879122	1	-0.0824732124505933	1.41392885666513	-1.6765802013269	-0.7964658799231	3.24898243176395
"36"	0.517457050931101	0	-0.549514124246705	0.14199339975975	0.0512420105103016	-0.646368283026029	1.04296515126634
"37"	9.64880412170094	1	0.0898759556021539	0.775386170748291	1.26734776809032	1.69595526533085	2.9551380819526
"38"	-10.024244820435	0	-1.65964954576561	-1.22713759692448	-1.53677767615188	-0.230930945960797	-2.5464366884557
"39"	13.3333500843843	1	0.783235790001931	1.07713708584813	1.03688194558255	-0.741351950326296	4.64360866585199
"40"	10.0221366960593	1	1.02345084385777	-1.19942900825339	1.91960586630316	-0.28940672487287	2.84747267946215
"41"	-1.63582101295709	1	0.292434119657693	0.825609986920293	-2.26322809932423	0.17335062983559	3.41047822623568
"42"	3.36858811267374	0	0.588776539927881	1.04407343423018	-0.0570648805191261	0.390175099366948	4.22162651408594
"43"	1.87785338761588	0	-0.173144833792239	-0.083926212305873	0.367365775277927	-1.42678455468129	1.56978412010965
"44"	0.224810879147779	0	-1.05912848570687	2.26694772721765	-1.25208184573376	-2.14265595724738	2.14869075580391
"45"	3.00779895770899	0	1.22336417800408	0.0421037373402518	0.233765332814497	-0.231306183280325	4.4888320933484
"46"	13.9699089091735	1	1.48832862000015	-0.3238582267841	1.61132086531617	-1.16422968229535	4.65279901321619
"47"	-2.70880483763099	0	0.175048777095834	0.0941369453082201	-0.932547644528246	-0.203009535584587	2.44423449949989
"48"	9.22895089783709	1	-0.240743326128778	2.57842273847741	0.00596342998460322	0.675960598864462	4.09693608621986
"49"	-2.9013956381426	1	-0.433698769742145	-0.792176382012643	-0.82411136341177	0.156217853553953	0.340426078503068
"50"	-1.6491905455689	0	-0.462219082219605	-1.63925647035803	0.662430722037875	0.0351017267262618	-0.563694634797243
"51"	1.56891601303433	0	0.421275416727584	-0.593356054534907	0.370534515085361	0.51662905727594	2.24919477892026
"52"	3.65307431318998	0	2.31640600959549	0.449010566249349	-0.168274425687536	0.63079527009142	7.08182258544032
"53"	3.05682099495099	0	-0.384952001379594	-0.644138629089578	1.05234997390682	0.863506158770899	0.585957368151234
"54"	4.25379682166934	0	-0.750419368463239	0.448156557648194	0.949242796525663	0.09817779466982	0.947317820721715
"55"	6.5539559602248	1	0.694033335691603	-0.19439745123141	0.701480231703379	-1.58661095770081	3.1936692201518
"56"	-2.55771413188813	0	-1.437609354816	0.312582855265932	-0.695509710130512	-0.482993279526468	-0.562635854366065
"57"	0.708785462796788	1	-0.613491631094283	0.651152303967347	-0.427077998363761	-0.85250344861627	1.42416904177878
"58"	-3.18267454948754	1	-1.75846918245877	0.482140895259778	-0.374107493917407	0.941971553006001	-1.03479746965775
"59"	-0.447722349092034	0	-0.353989339557396	-0.897679833560888	0.322908390013793	1.5393349923204	0.39434148732432
"60"	-0.504829878488816	1	-1.95720157159563	0.109137206575496	0.561377064862661	-0.523114634132072	-1.80526593661577
"61"	-2.64994064587625	0	-0.672823348304225	1.46226359380991	-1.31706313062555	-0.513839637620375	2.11661689720146
"62"	1.13046276756014	1	-0.254024432470097	-0.391887225472495	-0.317767189406617	-1.57195177840141	1.10006390958731
"63"	1.23224750105421	1	-0.655905094876126	2.22854336237021	-1.42924315323438	0.364988295182909	2.91673317261796
"64"	3.12991371611642	0	0.197949539280057	-2.26593275336994	1.53298936172039	1.12813985630565	0.129966325190178
"65"	-4.03736915070442	1	-0.759725080351254	-0.498207320828043	-0.810495578098067	-0.0695968820133427	-0.0176574815305514
"66"	6.86224372338406	1	1.28561992462158	-0.740716356557572	0.894875536103323	-2.88689326253808	3.83052349268559
"67"	-1.94663798691448	1	0.0697561227044614	0.59045778530409	-1.61404567133909	-1.67690395238141	2.72997003071301
"68"	-3.82199749738509	0	-1.16737741177861	1.37848576848374	-1.45185138127999	-0.903755133042939	1.04373094492652
"69"	-5.63513098001943	1	-0.39812562061763	-1.06045049895212	-0.778150598019826	-0.610772812009832	0.143298259812617
"70"	1.80138098759468	0	-0.085741871659573	1.0297362574214	0.0279518444954371	0.632386098569488	2.85825251410226
"71"	-3.44479026838024	0	1.41619557274635	-0.864409730307647	-0.771224636912475	0.601197291302597	3.96798141518505
"72"	3.07398184279187	1	-1.71457261899231	1.32252667307374	0.226620014032827	0.112316530078403	-0.106618564910881
"73"	3.62272143464367	1	-0.381912570106558	-1.78681182035913	1.79906638432813	0.276303560705753	-0.550636960572247
"74"	1.02638456122103	1	-0.772942078720269	-0.350588347572563	0.33151917870712	-0.730113904160423	0.103527494986899
"75"	-3.3954910341831	1	-0.696873316103351	-1.60847680869971	-0.405853769075651	0.551118008868032	-1.00222344090641
"76"	3.50784015933603	1	-2.09700177159596	1.77887424713924	0.258071118795841	1.28708439311722	-0.415129296052674
"77"	-4.53634863736487	0	-0.812883382085538	-1.37640885803535	-0.476312171568199	1.38025518452814	-1.00217562220643
"78"	5.10902671129791	1	1.61697942297556	-0.504850527673433	0.0568151125819686	-0.800804345835277	4.7291083182777
"79"	4.67627062557434	1	-0.49346720560849	0.923588019175984	-0.0163130202745751	1.31720631492772	1.936653607959
"80"	-0.764413191061849	0	-0.239987442351523	-0.04417438194364	-0.283476522539109	-0.34577871744564	1.47585073335331
"81"	2.40816849351785	0	-0.0611660617625298	-0.422122271201445	0.550654172909483	-1.57778188838063	1.45554560527349
"82"	-2.0431197581784	0	0.992014055179476	0.81001927504744	-1.37847816553938	0.265996514059403	4.79404738540639
"83"	4.25716228985973	0	1.04042984981998	-1.0587609603308	1.28714778167177	-0.469786578104201	3.02209873930917
"84"	-6.48723802814618	0	-0.681357160468015	-1.07079441707498	-0.807822262483322	0.738424996458985	-0.433508738011012
"85"	6.52278214871454	1	1.25107956972084	-1.05984027587818	0.148941290992778	1.58542460991034	3.4423188635635
"86"	-2.8720753839162	0	-0.501072125065837	-0.108799648670548	-1.19918629547735	-1.58751397167193	0.889056101197778
"87"	0.930547908620105	0	-1.33054593104311	-0.23370796629561	0.451126111913135	0.0145127219952021	-0.894799828381827
"88"	-5.02405874177788	0	-0.70371593115991	-0.801321873585404	-0.8899436444582	-0.317086797836887	-0.208753735905224
"89"	6.35636705226225	0	0.0835387729461657	0.229766480990579	1.06005088435828	0.187300484873301	2.39684402688291
"90"	5.12175061232388	1	-0.729555090319168	-0.743371725698307	1.42733223985074	1.56616100794661	-0.202481906336644
"91"	0.849213514606733	0	-0.415569279732183	0.352099272053455	0.136847469950195	-0.500661827642968	1.52096071258909
"92"	1.18864367441427	1	0.318634579124578	0.223401485578459	-0.60255821790944	0.698540107701103	2.86067064382761
"93"	1.6809184081153	0	0.311104478049002	1.42318809127966	-1.37334281455772	-0.126783364665991	4.04539704737767
"94"	-0.987357156858306	1	-0.481995024154319	0.226324071410099	-0.889942961119828	-0.617465066721893	1.26233402310146
"95"	2.20089813612039	1	1.12938815031624	-0.828302570463688	-0.228262821957627	-0.602571135275335	3.4304737301688
"96"	6.90266606159215	1	0.0771717092443118	0.422850459651384	0.392250438663272	-0.47031891653338	2.57719387814001
"97"	2.43429863216227	0	-0.430502453625021	-0.314281007498062	0.468782871034805	-1.05199942942131	0.824714085251896
"98"	-0.542332475905568	0	0.457587025025497	-1.10595574060542	0.0789102053016869	1.146523672064	1.80921830944557
"99"	1.73269553580247	0	0.265156108697384	-1.07449942838324	1.09027639673831	0.0239057973135157	1.45581278901153
"100"	-0.584558297546389	1	-0.854595720171729	-1.55070947705063	0.884062634819713	2.29247706078557	-1.25990091739409
"101"	5.31377513323152	0	-0.529650926033166	-0.759494073925625	1.30440490077162	-0.304050281806134	0.181204074008042
"102"	2.32070396108429	0	-0.00843321903970464	1.1979023323126	-0.66108189240037	-1.00517427058886	3.18103589423319
"103"	-2.90094397346642	1	-1.78149826431154	-0.887051109102088	0.601236978383692	-0.320943247539681	-2.45004763772516
"104"	3.82500066465623	0	0.495640868491797	0.0367078209939223	0.40508883511389	-1.30863734849833	3.02798955797752
"105"	4.28839820607764	1	0.538727224067133	-0.274628254068018	0.125601946314204	-0.424468895291273	2.80282619406625
"106"	10.9924947986448	0	-0.390157607026593	1.9469298952393	1.59078726228534	-0.307244091370671	3.16661468118611
"107"	1.61558705720627	1	0.472711585221834	1.11653440365574	-1.06200604399796	1.73138812106529	4.06195757409941
"108"	5.28820699689835	1	0.802612253365543	-0.676777834108062	0.483126970670354	1.69695987326063	2.92844667262302
"109"	-8.04107665444762	1	-0.585970956544446	-1.9004658310621	-1.02421002948738	0.809275287378602	-1.07240774415099
"110"	12.0141663502793	1	-0.793406836722575	0.684485057694392	2.17429373162653	0.743485181545814	1.09767138424924
"111"	2.22034325443721	1	0.057266531720895	0.45880173056741	-0.868858044518508	0.253710546114907	2.5733347940092
"112"	-7.48838154434902	1	-1.24948220554133	-1.95125670124644	-0.146015418857468	0.329706180760572	-2.4502211123291
"113"	-3.2095704928378	0	-0.223058805537902	0.0544883124355034	-0.893088671274791	-0.534459330619612	1.6083707013597
"114"	1.68461661050832	1	1.69365475544763	0.157891825321636	-1.63913977023913	0.694869108806068	5.54520133621689
"115"	0.492512973192593	0	0.38104561048769	0.151767482368262	-0.623380138082913	0.710082846581573	2.91385870334364
"116"	3.72508635942541	0	-0.393976862578313	0.570592080343105	0.694532758161161	-0.216709000666626	1.78263835518648
"117"	5.28913361842809	0	1.40380189259639	0.849495513025022	0.217294285993319	0.0430203084153507	5.65709929821781
"118"	6.74557326873734	1	1.23576584812662	-0.0189504439499797	-0.441257125807446	-1.61984055331489	4.45258125230326
"119"	9.43656027120117	1	1.00271377320314	0.859764768349982	0.596669222984998	0.157027968578209	4.86519231475626
"120"	1.63436077686239	1	1.71623899728357	-1.49005087669783	-0.363293096920811	-0.994798705402726	3.94242711786932
"121"	3.33825569737314	1	0.172133591386755	-0.67335735352277	0.819337327747078	-1.10892779912216	1.67090982925074
"122"	-4.37391624488878	1	0.0630487297022796	-0.039207489419952	-1.70804100947638	0.327714630946916	2.08688996998461
"123"	11.3133802628593	1	0.306615787111937	0.373624114557765	1.20729111752096	0.955154983993612	2.98685568878164
"124"	4.18257260467398	1	2.39722241120253	0.631253655859887	-1.74167566303783	0.454814556180415	7.42569847826495
"125"	4.09223618525933	0	0.383272319825639	0.0918794031487483	0.624713825834983	0.927789889104207	2.85842404280003
"126"	-3.8300791588126	1	-1.68004808787981	-0.25326492263943	-0.330565609236556	0.162215558456725	-1.61336109839905
"127"	1.28192504543945	1	-0.283876226942106	-0.190405361820292	-0.0760286591177667	-0.299606059857457	1.2418421842955
"128"	-5.15994477875897	0	-0.0153267514476986	-0.139080027514914	-1.0059545726843	0.101806786094394	1.83026646958969
"129"	3.55933632267205	0	1.35729291038813	-0.590460322398191	0.669982441025624	-0.465865089964865	4.12412549837807
"130"	9.97962764562549	1	-1.4735108151467	0.652558681547279	2.21083505360198	-0.415102198489755	-0.294462948746131
"131"	-0.361095382351976	0	0.689631874310276	-0.156213312543772	-0.421772983452252	0.564473649749302	3.22305043607678
"132"	-1.31475400448289	0	0.768909659060378	-0.895869087569597	-0.534592016970467	-0.803434120951668	2.64195023055116
"133"	11.0327041380586	1	-0.772840983922112	-0.595915144474122	3.05513718451616	-1.18296960034966	-0.141597112318346
"134"	1.48728985331852	0	-1.20909135530612	-0.591085031912598	0.575243317841241	-0.725548397817284	-1.00926774252485
"135"	1.94053853692571	0	-1.48501139814774	0.554733040605333	-0.266588667736442	1.27995695044799	-0.415289755690154
"136"	-0.912990375258977	0	0.501246887063647	-0.893839512079787	0.135134941278887	0.168373415173883	2.10865426204751
"137"	-1.49065208732478	0	-0.401376949578931	1.804353532306	-1.18950232673214	0.866140048123895	3.00159963314814
"138"	10.898527415672	1	-0.0934932396951937	0.295855771918984	1.15806996038751	0.513165596422116	2.1088692925286
"139"	11.597668256035	0	0.0855313859556385	0.390735338142992	2.60246211917919	0.599866232694321	2.56179811005427
"140"	11.4843768080963	0	-0.513553646701977	-0.450888450454673	3.0282279174878	-0.953232490062462	0.522004256141374
"141"	2.95753303478838	0	0.595245205904734	0.243074147179524	0.307372945443479	0.684156216912688	3.43356455898899
"142"	-1.44665215634915	0	-1.80675643014941	-0.577671676315248	0.397515756293508	0.881048690137451	-2.19118453661407
"143"	-1.52944568075095	0	0.686499075371888	-0.56458322953891	-0.449112283825492	0.639049642909517	2.80841492120487
"144"	-7.54753491521454	0	-0.15059087185898	-0.77648107870527	-1.8657377037072	0.122897410151149	0.92233717757677
"145"	0.342532914498966	1	-0.741766041427266	1.31979589922873	-0.694352765650243	0.550709885294254	1.8362638163742
"146"	-10.1137055796232	1	-0.685385461084714	-0.518674910756309	-2.07907897410365	0.873739656522174	0.110554167074263
"147"	-1.95193822370175	0	0.574466889093789	-2.05948398941927	0.115560782522307	1.2981969820045	1.08944978876831
"148"	3.52528306524562	1	0.853307575833577	0.487564027044389	-0.992545610855979	-0.376813230956378	4.19417917871154
"149"	7.18290830807869	1	0.715859817883275	-0.379913957851134	0.393635974783122	0.830771647018814	3.05180567791542
"150"	0.22521176276575	0	0.854291807932641	0.443266306240026	-0.32338581241022	0.559198783035919	4.15184992210531
"151"	0.641079169038352	0	0.393340159836681	0.119558069628728	-0.159787426648246	0.873340752478986	2.90623838930209
"152"	-10.2802104412578	0	-0.254849384000862	-1.35868622350887	-1.88077708100045	-2.32405316712842	0.131615008489402
"153"	5.07920156430045	0	0.564365466771093	0.240595498909754	0.913356597545977	-0.658393709237342	3.36932643245194
"154"	-6.8316782391312	1	-1.47913234883867	-1.59331835024005	-0.327389703253167	-1.48032203117793	-2.55158304791738
"155"	3.59591025577761	1	-1.69387797360526	0.215117567230741	1.47877479057765	-0.321956215214454	-1.17263837997977
"156"	0.3442210744668	0	0.297335943120142	-0.457444986081736	0.189121787504754	0.12417814193104	2.13722690015855
"157"	-1.92036805108188	0	0.301086408183421	0.202357674978806	-1.0404687191166	-0.44369334727141	2.80453049134565
"158"	-6.0792352578986	1	-1.01727271905548	1.12179699266592	-1.78045831937132	-1.76806569528644	1.08725155455495
"159"	-1.48537302978448	1	-1.19714096225078	-0.240747568667562	-0.0446075158330707	0.33954682156644	-0.635029493169131
"160"	-3.97593881605831	1	-1.14315854788956	-0.837627075807362	-0.206667842038296	-1.5842386063642	-1.12394417158648
"161"	3.69896868845842	0	0.0807440561333936	0.536022286963047	0.236435016415825	0.343979378137306	2.69751039922983
"162"	9.92629359372391	0	-0.210790219571975	2.61197457032668	0.985752958717773	-0.224883767432307	4.19039413118273
"163"	3.82451186474981	1	-0.529189946495142	1.66270780354274	-0.659165668299747	0.214218176187191	2.60432791055246
"164"	4.98733165236364	1	-0.0706394896131825	0.945743372552102	0.0667148980237294	0.489548596508305	2.80446439332574
"165"	-2.40550678074463	0	-0.914476394742313	0.346047118363439	-0.856599968635359	1.91539498668537	0.517094328878814
"166"	6.67571581521412	1	0.524268419282842	0.443264980543232	0.490057248952828	-0.734762065850858	3.49180181910892
"167"	9.01050871919192	1	1.0143626425151	-0.0501515001742941	0.693873047338255	-1.01148764673506	3.97857378485591
"168"	-2.42736272742279	0	-1.02600437915101	0.148456668839495	-0.443087461360164	0.7451373553673	0.096447910537466
"169"	4.38339503705885	1	0.464626608629382	0.414065052582624	-0.167923897234162	-1.2280313151337	3.34331826984139
"170"	4.35811397067273	1	0.937070761008055	0.208356579714362	-0.861330302206757	-2.20440719981754	4.08249810173047
"171"	2.25490564178269	0	1.62455642248208	-0.82356069273581	0.490180949824355	0.264303405086949	4.42555215222836
"172"	1.67269189593172	0	0.647501323168185	0.776440184018494	-0.523993281525548	0.907599749739373	4.07144283035486
"173"	5.96184589902706	0	-1.32684554460936	1.1546235542702	1.2719365285332	0.0890082609481777	0.500932465051479
"174"	4.18620356778153	1	0.346958820407942	0.659464643726477	-0.570020165576983	-0.573994292914749	3.35338228454236
"175"	-0.405408589195233	0	-0.100655529106105	0.320765470319175	-0.00338283564231147	0.232563835546784	2.11945441210696
"176"	2.91629667991522	1	-0.670488239280471	-0.393987169925853	0.587512708036808	0.84250870011366	0.265036351513205
"177"	-5.301724982679	0	-0.481096145120901	0.500979385847752	-1.71950544939316	0.728150898638754	1.53878709560595
"178"	1.98189920137893	0	-0.379442493749013	-0.427186227193416	0.854636173062337	-1.2901857270975	0.813928785308557
"179"	2.45489369557651	0	0.816190716597164	0.979324641348224	-0.144819613030157	-1.42219058458581	4.61170607454255
"180"	4.15881036708729	0	0.0891304458972426	1.61850252762658	-0.214985175822151	-0.945889628796651	3.79676341942106
"181"	-3.96607507504005	0	0.663833348308346	-1.40434886902034	-0.87023786260204	0.843696167207688	1.92331782759635
"182"	-0.81073285648454	1	0.805335746517398	-0.263634674946953	-1.10894851739727	0.566959716252068	3.34703681808784
"183"	6.01609896111032	0	-1.08986202298245	0.0130706229686617	1.63291609588933	-0.644516924474592	-0.166653422996245
"184"	1.01108048607518	0	-0.286428631175345	-1.61958953058919	0.72073622078578	0.531821065904149	-0.192446792939876
"185"	2.92922585143614	1	-0.327236010788528	0.437024973955918	0.0299866762186522	-1.5736666521901	1.78255295237886
"186"	4.78367059072531	1	0.103170563098045	-0.491848507952783	1.01538398462729	-0.733200977386325	1.71449261824331
"187"	7.68649571061082	1	0.602069609709501	0.872396508534745	0.179683109694296	-1.05263871911412	4.07653572795375
"188"	1.47616939866527	1	1.12251186077577	-1.1826294386493	-0.296883142850619	-1.09789040915678	3.06239428290224
"189"	2.94835524385874	1	-0.291001126799034	0.295697672040249	-0.334913637246552	-0.447564420901592	1.71369541844218
"190"	0.163681138465437	1	-0.240505309481108	0.857019533596648	-1.39393114604382	-1.87164624342521	2.37600891463443
"191"	3.77531581764146	0	1.15239019629996	-1.08388286762967	0.949071970260027	-0.650495446395993	3.22089752497025
"192"	2.44932331433976	1	0.100180401795393	-0.0562172266240851	0.0338368246486933	-0.963835514473583	2.1441435769667
"193"	11.075504682364	0	0.0963607488253856	1.24597992944748	1.60353500799847	0.681029513732914	3.43870142709825
"194"	0.209873896228252	0	1.05703712009035	-1.4576965649726	0.199067150083798	-1.67842399323266	2.65637767520809
"195"	3.23434475496977	0	0.43048800625768	-0.925152500298017	0.78663943544693	-0.547056555946871	1.93582351221734
"196"	-4.81262076663763	0	0.0963763894516964	-0.719565827105846	-1.36980467974388	0.177147025804851	1.47318695179755
"197"	4.13171311871236	1	0.610152271828674	1.01278268988765	-0.921401440456487	0.0290821003215056	4.23308723354499
"198"	4.39071952807297	0	1.93241995053103	0.270218582627625	0.445931552489199	-0.91080888215394	6.13505848368968
"199"	-1.01799164993056	0	0.327487195631435	0.598750309129962	-0.731981952518524	-1.76884642027609	3.25372470039283
"200"	1.13415568842383	1	-0.273206305009551	-0.663604019087102	0.495466329943755	0.00430586813025317	0.789983370893796
"201"	9.91849739280259	1	0.953221856551298	1.03851356565277	-0.0926584725570465	-0.0116040707593635	4.94495727875536
"202"	14.3634057105387	1	1.35188019197656	1.45002031049456	0.866974259158866	-0.109584076672938	6.15378069444769
"203"	2.64248984192992	0	-1.46096556266187	0.589972623139642	0.795042220653375	-2.10625937661661	-0.33195850218409
"204"	1.23926537046059	0	2.68792267044369	0.192690264616834	-0.757806401838011	-0.0063363282783732	7.56853560550422
"205"	4.45174508081649	0	-0.212161149594152	1.42059709203076	0.272874806190648	-2.46570079223911	2.99627479284245
"206"	-2.31771456655782	1	-1.14726078727631	0.232830725965729	-0.55311280188278	0.534008078297006	-0.0616908485868857
"207"	-2.94143625965106	1	0.012071668646272	-1.99676913990927	0.00911126203236076	-1.6502320734598	0.0273741973832742
"208"	20.3108869531949	1	1.01050930968688	1.25189885900936	2.4051728010239	0.576263006431618	5.27291747838312
"209"	-6.31091298161434	1	-0.737633385816208	-1.27728471261744	-0.647128410196055	0.639338554331294	-0.752551484249862
"210"	7.60880397125437	1	1.94709271150965	-0.639532803813265	0.36967212833041	-1.6284254123907	5.25465261920602
"211"	-2.75200282241563	1	-0.714656964986904	0.240914430675497	-0.581429970391249	-1.66010925389808	0.81160050070169
"212"	1.64869089691419	1	-0.359308087988037	-0.152034080126281	-0.457470732115313	1.88139609532751	1.12934974389765
"213"	1.82970435501237	1	1.86312843147721	-0.682948527479117	-1.17575833157185	0.71660254945584	5.0433083354753
"214"	6.07775849622536	0	0.845122576338805	0.743864011866522	0.656576483414941	0.900839034196886	4.43410916454413
"215"	11.8829188080223	1	0.896212350700113	1.58671895895479	0.502438931987866	2.20207063639637	5.37914366035501
"216"	3.80595933977475	0	1.6166019459867	-0.138081197175389	0.4922202838047	-0.856574048748209	5.09512269479801
"217"	-5.44575339957225	0	0.244040340728988	-0.88447912344649	-1.43861429792717	-0.74970977035273	1.60360155801149
"218"	-3.52739647382971	1	-1.79216241092106	-1.51511415899166	0.857689177872837	1.27614743339495	-3.09943898083377
"219"	2.01020086750487	0	-0.0270640673741497	-1.30017951794652	0.611367808955779	-1.57299140181499	0.645692347305181
"220"	-5.20580128423997	0	-0.566825787332238	-1.13169059911164	-1.04831036586393	-0.00176650907957001	-0.265342173776113
"221"	6.3516919469888	1	-0.250088179235176	1.08598573676693	0.38099145860506	0.343156335382804	2.58580937829658
"222"	3.09160794033247	0	0.130776889547594	0.143438900667795	0.404636715607636	-0.687479264100643	2.40499267976298
"223"	0.916682148768799	1	-0.163738098927337	-0.671618097944897	0.0163245713701496	0.445154640643994	1.00090570420043
"224"	-4.51061143202309	1	-0.951738277513156	-0.802808874656781	-0.832653525845416	0.00959142023176358	-0.706285429683094
"225"	1.25871516631085	0	-0.238318100044487	-1.4536288464583	0.652604241980212	-0.537780015867628	0.0697349534527267
"226"	-4.20730134741088	1	-0.426705645422219	0.0627382198710281	-1.36668562443804	0.973530104673125	1.20932692902659
"227"	7.56712014708021	0	0.694014685882081	-1.1625111641384	2.03170906135376	-0.795933929423054	2.22551820762576
"228"	2.50327734646251	0	1.2073628968491	-0.438836357656163	-0.0389163086302096	0.0308495916132415	3.97588943604204
"229"	-3.74227497720981	1	-0.0945033708889962	-0.726723154560995	-1.07509503634042	1.29976834486377	1.08427010366101
"230"	3.98652591912494	1	0.509226153196773	-0.919659946496334	0.584305041049655	0.354162034086159	2.09879235989721
"231"	-3.24519589798475	1	-0.513846423167526	-1.52537904753756	0.224092114225751	0.0773545485962681	-0.553071893872613
"232"	-4.28074407642506	0	-0.664347495575524	-0.824697593875316	-0.482050872077819	1.3654136889109	-0.153392585026364
"233"	-8.48483469908444	0	0.169841526104299	-1.80051853154091	-0.907757797487223	-0.685516272322345	0.539164520667684
"234"	8.87451405089775	1	0.90228805595298	0.721030714601986	0.32633506997894	-2.65253581474898	4.52560682650795
"235"	0.276201559991868	0	1.65190700078803	-0.968777239553631	-0.278432747370858	-0.769621651958838	4.33503676202242
"236"	3.75981937629773	0	-0.811342782863383	1.10975893184339	0.255616888085232	0.131628303006806	1.48707336611663
"237"	-1.39814577689253	1	0.61712883458459	-1.30938871192488	-0.602911599533664	-1.12992477225304	1.9248689572443
"238"	2.08719461507684	1	-0.566430963031276	-0.612983219516159	0.663971989470425	0.276584885573171	0.254154854421289
"239"	-6.57775752193919	0	0.106183537586959	0.291019919588741	-2.15535326059206	-0.324231933525668	2.50338699476266
"240"	-4.55329637677221	1	-0.753158947527072	0.556145975406589	-1.69046987447227	0.512388490761664	1.04982808035244
"241"	-2.09838665689111	1	0.70715586261306	0.389158678024514	-1.37495160418714	0.25996743868542	3.80347040325063
"242"	-3.05623267007724	0	0.656805662193114	-0.344969616451127	-1.16012028208259	-1.5573544427531	2.9686417079351
"243"	-7.75365430871312	0	0.198683978183929	-0.905675616554313	-1.61568698451647	0.887446782639869	1.49169233981354
"244"	5.02586633090369	0	0.734414561974045	0.548449873500756	0.229642907272861	0.346990505111947	4.01727899744885
"245"	-0.861178271151306	0	-0.299260590574171	0.783746617802164	-0.564301376167723	0.148063617355659	2.18522543665382
"246"	14.6690022787894	1	2.52883228609004	0.167636581337332	0.66920848615875	-0.589292395302739	7.22530115351741
"247"	-0.51022252785411	0	1.07212436616648	-0.0781110917921105	-0.379702667083551	0.293062049751976	4.06613764054084
"248"	0.876617473813535	1	-1.1659346159457	-0.207561876079163	0.587678159644215	-0.5002418832317	-0.53943110797056
"249"	1.52677556711414	1	-0.0458552223617462	0.398429723554873	-0.944672068606839	-1.05943928951437	2.30671927883138
"250"	-2.19216978449021	0	-1.54616950169691	-0.57503569852957	-0.0264262195724486	-0.5908035024204	-1.66737470192338
"251"	7.71971597735442	1	0.606763217729668	0.896784646763209	0.100804430611866	1.8313640884323	4.11031108222255
"252"	8.26373261783014	1	-0.391927678033713	0.83635594395323	1.00502501283004	0.191074616124065	2.0525005878858
"253"	2.90085073624843	0	1.75826767911032	-0.391694384414018	-0.20864292706444	0.849331391475476	5.12484097380663
"254"	-0.670477266938923	0	0.371461150577881	0.0200172202023032	-0.273695560133553	0.648513109226492	2.76293952135806
"255"	5.78780067390981	0	-1.36386673330692	-0.648969170631732	1.88429922576343	-0.792951243398018	-1.37670263724557
"256"	-1.78304646728508	0	-0.935579892388958	-0.671806782001863	0.287313019464394	-1.18802191190971	-0.542966566779779
"257"	12.5469840354679	1	-0.0876106632852632	1.38971585897164	1.63663482481843	1.11981056911721	3.21449453240112
"258"	-3.52492634941728	0	-0.811177245626759	-1.44414667453035	0.146504830089127	-0.918125851853416	-1.06650116578386
"259"	3.44521280379009	1	-0.350874745492763	0.587587930244396	-0.0573806265552007	-0.624009368598678	1.88583843925887
"260"	-1.28609528825708	0	0.546097993418294	0.131094766674525	-1.05177732361193	-0.270104884873227	3.22329075351111
"261"	3.11845359939199	1	1.90487584490284	-0.908589483141563	-1.37522183299706	0.659883005799555	4.90116220666412
"262"	-4.0314620275438	0	-1.60767530998919	-0.876080293994712	-0.622275593505703	0.753819461294756	-2.09143091397309
"263"	1.93196906879875	0	-1.49049325143043	-1.51785784008562	1.08217486985752	-0.0594076687477514	-2.49884434294647
"264"	0.548351177285469	1	0.314994570577666	-0.952171689515066	-0.37739984879122	-0.653745378375509	1.67781745164027
"265"	-0.061069256728659	0	-0.331314822461852	0.532898083712976	-0.327234914234187	1.63601787762738	1.87026843878927
"266"	-2.05162747344154	1	0.11001174068585	0.102598077933552	-1.51140546347602	-0.141490474551701	2.32262155930525
"267"	2.38119634600694	1	-0.283422974737138	0.0970917421508948	-0.347872677739497	-0.232938746532598	1.53024579267662
"268"	-0.281931356298326	0	-0.930832257710019	-2.30875793965779	1.02894808338525	-0.660436470688939	-2.17042245507783
"269"	2.72498001762503	1	0.976113968011698	-0.850762171089515	-0.0982720498976852	0.23458585719749	3.10146576493388
"270"	6.68253497339369	0	0.323213679495947	1.28999828826904	0.783206881714452	-1.97608337686281	3.93642564726093
"271"	8.98029505196382	0	2.69161122525253	-0.00572439965914567	1.45670148585713	1.65283945336371	7.37749805084592
"272"	-0.195186470893272	0	-0.388738117884769	-1.78594995603987	1.20195538741354	-0.112174047042569	-0.563426191809406
"273"	11.4639337068077	1	0.699737381223608	1.37089076262675	0.562569235928315	0.180561968382478	4.77036552507397
"274"	8.17211228130337	1	-0.455244729572959	0.355794673185451	0.923807597748013	-0.224804813201374	1.44530521403953
"275"	1.65274464427196	1	-0.28494235990873	0.659643523001166	-0.706902481143643	0.294556034423663	2.08975880318371
"276"	-0.0497270197044217	1	0.452283651037156	-1.58024243114108	0.0809825344411883	0.302350152678765	1.32432487093323
"277"	7.59750646069217	0	0.327200072393733	-0.0310099520187028	1.08950734985624	0.659411595245498	2.62339019276876
"278"	2.4213536026571	1	-0.922339936585153	0.622582808588116	0.225697276745456	-1.76128963440451	0.77790293541781
"279"	-0.875205162069047	1	-0.450135170004323	0.562067708841641	-0.973902694364936	-0.710259220237473	1.66179736883299
"280"	-0.399301768096903	1	0.2395295012893	-0.254866035805512	-0.661290167444561	0.885607498626159	2.22419296677309
"281"	5.36950982692643	1	1.96259180860472	-0.616792649238468	-0.199761440676835	1.65104330437038	5.30839096797097
"282"	8.18580340253146	1	-0.241352304044406	1.63065105826749	0.0450643820401227	0.313415752853716	3.14794645017868
"283"	2.32419193442692	0	-1.05969712503235	0.812546095092465	0.436825699720771	0.247770982592986	0.693151845027774
"284"	16.6437343668754	1	3.05056639521634	1.08800481121443	0.289426479494662	-1.54814643518296	9.18913760164712
"285"	1.53014598281721	0	-0.724687832609231	1.35974119471816	-0.20106433784515	-0.869002503354895	1.9103655294997
"286"	14.3122355123741	1	0.268451337127471	0.908526840918936	1.88432286093416	-1.00598387963541	3.44542951517388
"287"	1.17251349935289	1	-0.725621203394536	1.56646809853676	-1.10871523716029	0.843162746760833	2.11522569174769
"288"	-0.223343691406662	0	-1.0186422317295	1.03922259733386	-0.318230660713588	-0.364874608414846	1.00193813387486
"289"	-8.91188341497293	0	0.254103979605007	-0.0959427499840271	-3.04008376953115	0.00308156520312951	2.41226520922599
"290"	2.48359818450217	0	-0.858885376106292	-1.19524679665155	1.16955018958897	1.46325289691229	-0.913017548864135
"291"	-4.32609171890163	0	-1.36917141956805	0.101938006142694	-0.960467964097698	0.204921597600878	-0.636404832993398
"292"	2.838098823175	1	0.766613442090378	1.20948925931217	-1.38795054995932	-0.621622769296263	4.74271614349293
"293"	2.31081285754012	0	0.194694703272649	-0.221073002404682	0.155887920511339	0.590065717359415	2.16831640414062
"294"	4.7472923414878	1	-1.47093754318138	1.41116056886103	0.224834389024596	0.382230206982575	0.469285482498259
"295"	5.52239343641324	0	-1.40754825650658	-0.667188209536443	1.41303267134607	0.621027644973498	-1.4822847225496
"296"	1.01112257093277	1	-2.16912939980359	0.595613777172005	0.926471866807127	0.247288242182103	-1.74264502243518
"297"	6.07685695675557	0	0.098018251827794	0.0733140093756895	0.824881281107629	-0.670230632929479	2.26935051303128
"298"	-5.39605617967397	1	-0.726936670906849	0.678121007488455	-1.62031746109321	-0.62304837632767	1.22424766567476
"299"	14.2359716402709	0	0.799389582261921	1.83572255944781	1.9987201847187	-0.158462304248289	5.43450172397166
"300"	-1.04106673619525	1	-0.604344831210566	0.0941080932623275	-0.426547432327246	1.35002436443563	0.885418430841196
"301"	0.168647054394396	0	0.0169736949452063	-1.87857381776296	0.929002878197512	0.49641664128735	0.15537357212745
"302"	8.6143834171501	1	1.65075778399873	1.38849249443905	-1.00659455813561	2.47222261133139	6.6900080624365
"303"	6.17549630673103	1	-0.517740110737859	1.48912041989294	-0.0302301413744126	-1.39877905238577	2.45364019841722
"304"	5.41861636163798	1	-0.857673401808838	1.54367983918251	0.227440229696784	0.235235598378653	1.82833303556484
"305"	-2.50787356825168	0	-1.04098487274466	-0.713314510701532	-0.414408227989749	1.52271018377617	-0.79528425619086
"306"	-4.98206140848061	0	0.724388832679797	-0.259400714181096	-1.41039089473553	1.21775275933069	3.1893769511785
"307"	5.45639617918047	0	1.02177823355981	1.12256224353959	0.605154538598275	0.56601991717401	5.16611871065922
"308"	2.70650350455069	1	-1.02466202984074	0.359192191543257	0.694272197588597	-1.23760915450938	0.309868131861774
"309"	-8.35394844777123	1	-1.76384815287903	-0.301101773412559	-1.40980419091068	-0.813155334337735	-1.82879807917061
"310"	6.72011240499286	0	0.144084688602498	0.865466461796533	1.02165220731195	0.329840421909304	3.15363583900153
"311"	0.330428082496807	1	-0.116396344895871	-0.287633738378123	-0.333132067552159	0.240904556679395	1.47957357183013
"312"	15.2232541240843	0	1.67114450318704	1.34308336616622	2.26790029111012	0.0750859893254712	6.68537237254029
"313"	1.61356890852398	0	0.377665307785139	-0.933168440481022	0.439664120672048	-0.312765296594752	1.82216217508926
"314"	-0.409892962067559	1	-0.562860787115741	0.543109869736777	-0.915238247705361	-0.803753075852115	1.41738829550529
"315"	0.428319980137519	1	0.102346385349036	0.928487981779486	-1.16346838797998	0.455785206263687	3.13318075247756
"316"	6.70721193120617	1	-0.418558828677164	0.00393306221679627	0.87287891743524	0.302246149174237	1.16681540486247
"317"	-1.05599131994313	1	-1.76660838268899	-0.73058658350903	1.04715378782863	-0.200410180748102	-2.263803348887
"318"	-5.70391703271647	0	0.0251026494885932	-0.417969172221412	-1.55121581876723	0.252918995825101	1.63223612675577
"319"	-2.09175767369347	0	-0.55014420772312	-2.23414092424047	0.563480920017159	-2.5981260064673	-1.33442933968671
"320"	-0.58837373992213	0	0.356947480973101	-0.229282814516202	-0.389713361841867	0.463992513610694	2.48461214743
"321"	-6.00914122208063	0	-0.978068733868009	-0.664173532067325	-1.17676584246871	-2.72926275849701	-0.620310999803342
"322"	1.06610557701828	1	-0.476833287941413	0.455040872464723	-0.596020359688142	-1.09426989724922	1.5013742965819
"323"	8.1568020757273	1	1.01275109378264	0.719850690033707	-0.127270567208762	0.036320402653295	4.74535287759899
"324"	5.75709872067688	0	0.970996687718587	-0.454524478641536	0.839708732212863	-0.00791594996006772	3.48746889679564
"325"	2.89677681597389	0	0.687431815786622	-0.620361972716541	0.560581113013649	-0.0719671244101962	2.7545016588567
"326"	5.71976176808681	0	0.220650640189118	1.06150674622439	0.492704719353587	2.49266332316667	3.50280802660262
"327"	7.43506771628681	1	-0.332150129702225	0.946728917114146	0.644781310382456	-0.464661054523924	2.2824286577097
"328"	3.29215865413157	0	-0.0155195441762502	0.479902887169944	0.399373892436833	-0.401264801074375	2.44886379881744
"329"	8.21797783916253	1	1.31981772159726	0.070229625409413	0.231597225207848	0.870982783907502	4.70986506860394
"330"	-3.32136728796673	0	-0.224642866246567	0.0894274960273765	-0.875099991629791	0.584032505602141	1.64014176353424
"331"	6.24438892336066	0	1.18909525868294	0.11833907120769	1.28232941016297	1.63405129729821	4.49652958857357
"332"	2.0352637137755	0	0.474644975487701	1.22096270335769	-0.0812390511218858	-0.489306670485858	4.17025265433309
"333"	-6.47356184145333	0	-2.37515826910331	-0.40701234396859	-1.01439854879827	-1.08756636202754	-3.1573288821752
"334"	6.00098282551723	1	1.17068739122486	-0.960312338986172	-0.0590222752034417	1.31433907488842	3.38106244346356
"335"	7.67323637824933	1	-1.86974802265459	1.30657475433811	1.64100982761022	0.824728488695754	-0.432921290971076
"336"	9.29947026944359	1	-0.857060797974963	1.67115249423692	1.10221964113636	0.390946273378978	1.957030898287
"337"	-1.26895190751542	0	-1.69046634375218	-1.41981797376252	0.2174730278389	1.25189036610943	-2.80075066126689
"338"	4.40887190278682	1	-0.479320957300033	-0.991772930049883	1.4013518599643	-0.0223947025718016	0.049585155350051
"339"	3.85031133294431	1	-1.16913041840636	0.983124922292856	-0.216901533976287	-1.85915138481021	0.644864085480127
"340"	11.1604032802659	1	0.968324648683814	1.46528200886	0.331204481670754	-0.243884086827129	5.40193130622762
"341"	-1.4718553338806	0	1.56569473780003	-0.482812146115673	-0.904124019926329	0.120152637174698	4.64857732948438
"342"	4.87167538487468	1	0.409434995717661	-0.0729566147897432	-0.0388889835119379	-0.580363834838716	2.74591337664558
"343"	7.22390726823211	1	0.0525918056090757	1.28144400454377	0.495915718672753	2.45786272346908	3.38662761576192
"344"	6.17427644704488	1	0.160690565541071	-0.354768189725956	0.998795608223187	-1.03278436395748	1.96661294135619
"345"	5.43741606371914	1	0.806993130688246	0.670998494505396	-0.471598727476598	-1.63602209260065	4.28498475588189
"346"	6.50868241263812	1	-0.121415254214427	0.229298844370878	0.846891448425967	-1.47270833817313	1.98646833594202
"347"	-0.643042700406958	1	0.67007498367179	-0.395425787722288	-0.872964512272123	0.358650659895659	2.94472417962129
"348"	18.1494452872805	1	1.20561281461198	0.298802287928586	2.26023379681456	0.559641919187944	4.71002791715254
"349"	-1.13042547023054	1	-0.275550904932054	-0.76386904780449	-0.270794671728643	-0.20619357467053	0.685029142331402
"350"	-0.350920577719422	0	0.480155852013589	0.532141892985441	-0.377206594331405	0.310268642719198	3.49245359701262
"351"	7.41033071251103	1	0.327677284966617	0.670822416515662	0.41771860035965	0.246987459760218	3.3261769864489
"352"	0.94507067986707	1	-1.64428354779381	0.211477484262398	0.423199972548038	0.188825853378925	-1.07708961132523
"353"	-2.3714406880759	1	1.09131118094311	-1.20295558508045	-1.18141499320299	0.268462378373925	2.97966677680576
"354"	8.98286987570108	0	1.88255815813533	-1.38253042429513	1.86937946977325	-1.09781871645125	4.38258589197553
"355"	14.3053771873204	1	1.29479178222749	1.92144293767281	0.832956552810515	0.511888663671749	6.51102650212779
"356"	2.90538408251799	1	-0.724992305659386	-0.516695886611039	1.04961504413848	-0.840642878921534	0.0333195020701894
"357"	4.1614315152335	0	-0.730605222966849	-0.332066104120792	0.944261687003593	-0.790237607966639	0.206723449945509
"358"	6.08634651128675	1	0.0554508116603367	0.136137239937451	0.0499625154768401	-0.734483559501221	2.24703886325812
"359"	5.13382841377161	1	-0.189686817234193	0.459926051063302	0.687765229674862	0.214453257610533	2.08055241659492
"360"	-1.4586021712608	1	-1.19091797727679	-0.77581629255707	0.485680194129084	0.142395371470892	-1.15765224711066
"361"	8.08097661164648	1	0.770415193989866	-0.0810756611151784	0.536839096394192	-0.581603394950766	3.45975472686455
"362"	-3.45757090626087	0	0.410051510882483	-0.138417729578897	-1.09405908792362	0.761271862985161	2.68168529218607
"363"	2.95781593534264	0	-0.452259491001895	0.704610052097627	0.479891787255322	-2.52446018965301	1.80009107009384
"364"	3.7390214366124	0	-1.52135050224943	0.747232709942432	1.26924185381151	0.506502236843544	-0.295468294556419
"365"	2.58523655479876	1	-1.46547967680873	0.316975218576003	1.02850731223025	1.35695759580761	-0.613984135041456
"366"	2.06752271535605	0	-0.170452106843122	1.30433366424511	-0.47119500342717	0.250258731061035	2.96342945055887
"367"	-0.940637182204063	1	-0.802010847239459	-0.22686764885423	-0.0736028671153341	1.57994784945012	0.169110656666853
"368"	-5.94242914107721	0	-1.23035108945432	-0.28580440704529	-1.37280105724962	0.491740547255866	-0.746506585953924
"369"	-3.62259500150705	0	-0.904704301253721	-0.25583380554953	-1.10528170502697	0.499430341618364	-0.0652424080569726
"370"	2.82836307167956	1	-0.663892214967684	0.914102536585574	-0.432101817419294	0.737787641742353	1.58631810665021
"371"	3.56209970025929	1	-0.808508589497854	1.14113765851827	0.0458806947318674	-1.69285909974579	1.52412047952256
"372"	5.13339066937702	0	-1.07421201596792	-0.00210344970809062	1.11692379524486	1.02943465521116	-0.150527481643932
"373"	3.83407505370709	0	-1.29238640324362	0.211977636340849	1.15398159916979	-0.931345733744862	-0.372795170146386
"374"	5.53280355135284	0	0.780989129151584	1.26593323103069	-0.0202230155214939	0.434165317236576	4.82791148933386
"375"	3.03323925721258	0	-1.35187494481296	-0.224263074087963	0.723347012754055	-0.396728735909327	-0.928012963713879
"376"	-2.47110657061587	1	0.25508540650289	-0.557131239244543	-1.18203881261903	-2.26404405247968	1.95303957376124
"377"	4.45716371357806	1	-0.554692406899277	-0.614875132778351	1.19400997833675	-0.217954875425738	0.275740053423096
"378"	-0.698534881939092	1	-0.173003444310797	1.50395131903013	-2.09895391281622	1.35339223250863	3.15794443040854
"379"	0.317299309189803	0	-0.613299122603027	0.418500408696037	-0.0979251399750529	2.1817077435844	1.19190216348998
"380"	-2.16718239820543	0	0.029395601072222	0.834740381177221	-0.78984438371239	1.84292908742632	2.89353158332167
"381"	2.41321140452791	1	0.211202169144382	0.302241767045115	-0.547356152709967	-0.4242793857504	2.72464610533388
"382"	3.80431416586108	0	-0.234434320069577	0.0298332503505309	0.463635233123255	0.714126102506231	1.56096461021138
"383"	2.14804763728171	1	-0.664998482683985	-0.591659038450599	0.934621772362142	1.81166315604042	0.0783439961814314
"384"	-7.04524961866976	1	-0.901697154437762	-1.23993335923841	-1.29783374986488	-0.556244819379268	-1.04332766811394
"385"	5.95030542673538	1	0.0709107953385587	-0.352492996529269	0.529975414043967	0.886389345425904	1.78932859414785
"386"	-1.10146955374608	0	0.339092647887197	-0.0127623197880626	-0.398522220693105	-0.316756403800891	2.66542297598633
"387"	7.27276258846244	1	0.36577682326057	1.48813926782181	-0.206394706016009	-0.865010542720212	4.21969291434296
"388"	-0.506313637673522	1	-0.154008444999706	-0.430723498160094	-0.279236676529301	2.0534843211005	1.26125961184049
"389"	5.34871458715159	0	-1.33772081999418	-0.492044372019118	1.38276769098752	1.65304899816033	-1.16748601200747
"390"	-2.16379086637454	1	0.249393863624759	-0.731729331887357	-0.881575566034994	-0.454889939738171	1.76705839536216
"391"	-1.51743895338641	1	-1.71855991351099	0.822648762980033	-0.431363570259184	-1.94739788791324	-0.614471064041945
"392"	2.35537079754348	1	0.619268207526321	0.779078228959474	-1.1737519941705	1.06601092803984	4.01761464401212
"393"	1.40179032292247	0	0.509627855221794	0.72592843622643	-0.410118825517648	0.631793071839947	3.74518414667002
"394"	6.87111559151737	1	0.570276179738703	-0.207181339866017	0.843956024950187	0.362211494675989	2.93337101961139
"395"	-3.46585422166692	0	-1.09821100483716	0.100226617742539	-0.725192951298705	-0.818402691306236	-0.096195391931777
"396"	-0.133800876717997	1	-0.265907022807859	-0.801246347496607	-0.0687506603524052	0.406416153612624	0.666939606887675
"397"	-3.01735456885937	0	-1.31421866105726	-0.165336284762552	-0.67576671751868	1.53458598746133	-0.793773606877071
"398"	-10.2490648518731	1	-0.161274370376352	-1.00712889529954	-2.46945817093636	0.16497762410667	0.670322363947755
"399"	3.05883868416785	0	0.330965831733647	0.202470897430447	0.654061812917438	-1.32005445091896	2.86440256089774
"400"	-4.23165123533778	1	-0.111361678043754	-2.43598609591534	0.373845199287171	-1.86818796980813	-0.658709452002846
"401"	17.2047594134838	1	1.74761226000132	1.63359886065814	0.941707683511453	1.5327189911419	7.12882338066077
"402"	2.1487409615156	0	0.430667332585741	1.88665872833532	-0.758558500919159	0.0849434667069408	4.7479933935068
"403"	0.832834516621458	0	-0.934657012687799	0.918240241555927	-0.386082542488827	-0.0445104414165221	1.04892621618033
"404"	1.8764824959697	1	-0.0726230906191686	0.465414476340659	-0.488114437275122	-1.79618557983272	2.32016829510232
"405"	-1.80015370405111	0	-0.907759901251863	-0.0932722396617327	-0.743535231502997	-0.861600671938231	0.0912079578345422
"406"	-4.41377472555749	0	-0.748190837367242	-1.86654059633655	-0.0904496689453446	0.179765739344359	-1.36292227107104
"407"	-1.44581526918424	0	0.725887658438778	-0.669872989611987	-0.516940485328137	-1.05879979603458	2.78190232726557
"408"	-10.6838036767274	0	-0.337954270520902	0.186517452940893	-2.58514911891451	0.0423182670405321	1.51060891189909
"409"	-0.353030674641182	0	-0.256176630124241	-1.06429546812971	0.261563818488684	1.24110599572011	0.423351271621809
"410"	3.52401626047557	1	-0.526179710755668	0.433727340586855	0.267766012695675	-0.586082056061148	1.38136791907552
"411"	11.6287776202916	1	1.62919628963514	0.175553944096102	0.618682690732688	-0.213953715299454	5.43394652336639
"412"	-17.2524812684968	1	-3.14666305098936	-2.239567310092	-0.961533300659387	-1.64151968639375	-6.53289341207073
"413"	5.08211437523343	1	-0.529708515939046	0.0883924325906574	0.800671742327072	0.602524522848069	1.02897540071257
"414"	0.876111447392678	1	0.0611104334473054	-0.780819032261059	0.0248461102515992	-1.18951907805355	1.34140183463355
"415"	8.69758751557856	1	1.2018294127523	0.29628589510654	0.49212608160654	0.641256556239911	4.69994472061114
"416"	3.27228405958676	1	-0.471883900748307	0.303545692449623	0.244531926327991	1.03408536007775	1.35977789095301
"417"	4.78840034504254	0	-0.733466937431465	0.556883572047807	0.438430435524762	-0.231758708805493	1.08994969718488
"418"	-2.72023073715522	0	2.20455589053022	-1.07953381867749	-1.21782122057592	0.30705282957956	5.32957796238295
"419"	5.66024056421981	1	-1.13900835200902	0.357081476696928	1.37184836666455	1.62774122486609	0.0790647726788936
"420"	4.35569246348993	0	-0.728896417376565	1.99304125279632	-0.0313600708139673	-0.882919146325865	2.53524841804319
"421"	10.106290262901	0	-0.0540682989692662	-0.266402124430508	2.14657390037499	0.0951410219293147	1.62546127763096
"422"	0.960722400705166	1	-0.580125239853594	-0.623358752880058	0.522331133152266	0.756814986756475	0.216390767412753
"423"	6.43452940661567	0	0.231180298386422	0.629309760264614	0.875012667467131	-0.339997644568594	3.09167035703746
"424"	-3.06795571955749	0	-2.13947366264734	-0.355590268957386	-0.441463248939719	0.111748540988049	-2.63453759425207
"425"	4.46759757101382	0	-0.533009846014502	0.124614591075831	0.811796559037413	0.887404858899412	1.05859489904683
"426"	-4.401179400062	1	-0.402526280823505	-0.158002810426607	-1.69167193228384	1.56148768847781	1.03694462792638
"427"	-3.21004778126885	0	-1.0333696017663	-1.02739387675841	0.0237444263120823	0.220346982894751	-1.094133080291
"428"	7.43365787205892	0	-0.941587820451218	1.6233995939759	1.26362245102349	0.788933158401764	1.74022395307346
"429"	-1.81675768246852	1	-1.25041903963174	-0.802276670354477	0.0797532650834843	0.0659408814297715	-1.30311474961796
"430"	4.36374710344954	0	0.490591999395487	1.17627732180633	0.295787793047937	-0.503636109725169	4.15746132059731
"431"	4.77744379178617	1	1.6702785491409	0.0545480823084744	-0.838801507928027	0.141893473187772	5.39510518059027
"432"	-3.50025793304995	0	-0.353754802227574	-1.28226431799655	-0.420346941330499	1.62460154221648	0.0102260775483032
"433"	7.83835868416845	0	-0.059877312052544	-0.142631363127089	1.76548767415125	0.817742710173475	1.73761401276782
"434"	7.98058433675579	1	0.706931301494781	-0.256877801501625	0.719532758785187	0.03905557513043	3.15698480148794
"435"	4.70264149391038	1	0.260904213480638	0.223164491715842	-0.18719038808383	0.563119115631453	2.74497291867712
"436"	2.29998865505592	0	-0.277388248389918	0.612186464312129	0.407059805463261	-0.0450475335146257	2.05740996753229
"437"	4.89678860958531	0	0.524980636032026	1.07531130564463	0.170593002497436	-1.28008661994163	4.12527257770868
"438"	17.6814324838287	1	1.20107691273586	0.992376490299416	1.89683615109016	1.65549866266425	5.39453031577113
"439"	1.22313310663538	1	-0.129051373692424	-0.848888647899381	0.509152410215554	-0.739562594112385	0.893008604715772
"440"	-4.72459090298063	0	-0.924474523262111	0.120045031151514	-1.2569995684733	-0.111257547771288	0.271095984627292
"441"	-7.94044664720674	0	0.0717901421879483	-0.600840079843941	-2.22525097892944	0.13792239899802	1.54274020453196
"442"	3.44235311585709	1	-0.380973116967225	0.948492911985002	-0.293178955623216	-0.343118355981684	2.18654667805055
"443"	2.50086299911692	1	-0.796372079834815	-1.5104594207946	1.33668353581278	0.30656717180971	-1.10320358046424
"444"	2.79718991244714	1	-0.895825061178408	1.21842376860604	0.00610679131417536	-1.14368534253428	1.42677364624922
"445"	2.54951853116647	1	-1.19877232558209	0.84140930406789	-0.0218772487004765	1.44085607812268	0.443864652903704
"446"	2.86322905781674	0	0.0839330512808035	-0.247732791298277	0.0962177512707162	0.72963585747084	1.92013331126333
"447"	5.94636549021069	0	-0.0469845653278671	2.22229122467286	0.184575288256328	-0.424381691435699	4.12832209401713
"448"	2.68125674904854	0	-0.454027284536767	0.590694986844363	0.407618912480604	-0.676481656238609	1.68264041777083
"449"	6.63803960766708	1	-0.776604834640306	0.409991646807357	1.44008257239763	-1.11801298693246	0.856781977526744
"450"	10.0084605505855	0	1.44498387895089	1.64602620108056	1.10986693134703	1.30440745158312	6.53599395898235
"451"	-0.368137165686093	0	-1.61957175841283	1.06467674882561	-0.438193403540662	-0.401335386467424	-0.174466768000058
"452"	1.63030882192936	0	0.0799514989344639	-0.38550534481193	0.668243776849647	0.766989557194095	1.774397653057
"453"	0.493770526346977	0	-1.51847835785265	0.282070132030247	0.0595793804074602	0.441852774370234	-0.754886583675046
"454"	-1.53728740400123	0	-2.93839764503031	-1.05172567167729	0.524143808892801	0.0301187932143776	-4.92852096173791
"455"	-5.07108568455655	0	0.10748750792161	-1.40112817465363	-0.559585675547681	-2.47341803940841	0.813846841189593
"456"	3.12393766480194	1	0.421041935413058	-1.11442464266661	0.474347015269509	-1.63960943785217	1.72765922815951
"457"	4.67756358171306	1	-0.0664939127317461	-0.442046558803935	0.333833426510212	0.277030396138595	1.42496561573257
"458"	1.70036830535865	0	-1.07688677755863	-0.228445230394862	0.958797997586361	-1.12089535940511	-0.382218785512121
"459"	4.66166420247783	1	-0.812605058081235	1.1833652371201	0.267010050133868	0.487072009047072	1.55815512095763
"460"	2.88481497802113	1	0.218405360769173	-0.618478966777646	0.150832432628131	1.35643314875187	1.8183317547607
"461"	-6.1078021742396	0	1.01410545150705	-1.97108834489941	-1.39653316988191	1.20589541176951	2.0571225581147
"462"	-0.564810018201564	0	1.82455005974209	-0.953420819753306	-0.582777423719799	-0.249529876690115	4.69567929973088
"463"	-1.25921513622692	0	-0.341731223349597	1.13478107595217	-1.08022519615518	0.763285789492349	2.45131862925297
"464"	-4.43873139794866	0	-0.444758502968688	0.523502514544113	-1.55427273955552	-0.358950607393052	1.63398550860674
"465"	7.78016396016022	0	0.737249280654967	0.99419833349803	0.779396829693046	-1.07306653170929	4.46869689480796
"466"	-3.91870136551021	1	-1.385233239905	0.383725960460402	-0.528128636760129	-1.18568524068079	-0.386740519349592
"467"	-2.19469460791781	0	-1.415420211864	1.18253020088823	-0.548663485747211	-0.795734420812993	0.351689777160223
"468"	-1.84451710119543	1	-0.877084831909452	-1.17216464273438	0.590005501399046	-0.762974828295679	-0.926334306553279
"469"	-4.2154519935454	0	-1.04126861568508	0.474109807251478	-1.69171797199541	-0.49280642940012	0.391572575881323
"470"	13.3129500556717	1	1.77451222198387	0.0743689703331018	1.08164107249868	3.10045743121359	5.62339341430085
"471"	1.55124681267962	0	-1.3745298259332	-0.186152430595484	0.689658244494221	-1.51068907851347	-0.935212082461887
"472"	-3.07972547890291	0	-1.63650475202411	-0.318647683922715	-0.499050413901109	-0.197923403378893	-1.59165718797094
"473"	2.91163423336603	1	-0.433317974483837	-0.444265245192176	0.56979848520114	-0.0568125080250186	0.689098805840149
"474"	-5.37562643999832	0	-0.451876974979014	0.833791589392757	-1.64295124800559	0.272176748166958	1.93003763943473
"475"	-2.1276458997386	0	-2.15660990055317	-0.97048270219014	0.157481066386789	1.14800372582437	-3.28370250329649
"476"	4.20840780042356	1	-0.723006590848823	1.27941407552476	0.149932777624717	0.162875309578509	1.83340089382712
"477"	-1.09203002773238	1	0.0488545578922107	-0.0179854455688815	-0.927433622274472	1.37843420499116	2.07972367021554
"478"	-4.82772273768524	1	-0.178593183069456	-0.711746599379538	-1.23352083300313	-0.0615171922482417	0.93106703448155
"479"	6.88891049523285	1	0.899352452305484	0.488505515494482	-0.35439087393705	0.0774823384937106	4.28721042010545
"480"	0.60300009068596	1	-0.365676424101539	0.425177901894849	-0.578088469081774	1.3656156226693	1.69382505369177
"481"	-9.96742815806588	0	-2.46961063765647	0.301587561332112	-2.13761346693654	0.968463976417382	-2.63763371398083
"482"	2.73488740642987	0	-0.580683083798267	0.672471950692974	0.773424606975827	0.843645131685125	1.51110578309644
"483"	3.42458195899659	0	1.00658864673283	0.476565022215775	0.172840331520415	1.02015802721357	4.48974231568144
"484"	4.54368576094054	0	-0.308549994775171	0.0472004460899025	0.73275344080848	-0.541248445915764	1.43010045653956
"485"	6.65435905704113	1	1.30780168266335	1.18100640537471	-0.992038087228119	0.983958345913245	5.79660977070141
"486"	-2.34173082939628	1	-0.60114344195297	-0.621222229605093	-0.152522928986919	0.304860847170484	0.176490886488968
"487"	6.59997756474491	1	0.00159048926427445	-0.421832043104105	0.758318753336646	1.16056729714299	1.58134893542444
"488"	8.75947760844505	1	1.30237641302508	-1.24259270833993	1.14702188289614	0.487683367246923	3.36216011771023
"489"	0.246320964491279	1	0.706387604050518	-2.21001924301793	0.376106225607915	1.6962452197136	1.2027559650831
"490"	2.57151941974862	1	-1.71945202212357	1.30555889173388	-0.0653792989560779	-1.33570882327393	-0.133345152513266
"491"	1.96256644872411	0	-1.06319976924333	1.0094443356347	0.143762919927533	0.973536519660666	0.883044797148029
"492"	7.84368382048236	1	0.239059267828921	0.220184272863484	0.428562904979019	0.892828339931272	2.69830280852133
"493"	-0.661328264725875	1	-0.953727986108492	-1.75810257812462	1.31868284768996	-0.475566395189559	-1.6655585503416
"494"	3.54298751160881	0	1.65146304529711	0.1320764358531	0.421317135150465	0.845058074733846	5.43500252644732
"495"	-2.97359404664732	0	0.770527169912622	1.14654792748157	-1.78749957569363	0.86521503609718	4.68760226730682
"496"	9.64725059444951	0	0.357679417738985	-0.213765927831776	2.23707987198518	-0.0261006703921678	2.50159290764619
"497"	8.75973760415928	0	-0.254815159866004	0.982166535312016	1.49083066837614	-1.84169364523196	2.47253621558001
"498"	-8.3523163233719	1	-1.3043359571843	-0.227805296278403	-1.39035000511978	1.14449159139596	-0.836477210647013
"499"	7.36809904149311	1	0.00390862098613333	-0.584682315109018	1.20016609929928	-0.609961058158721	1.42313492686325
"500"	0.65471060023305	0	1.06914710496963	-1.25222782406385	-0.17806385221138	-1.2462200418732	2.88606638587542
